20:34:51 min=1 pss_kB=2804273 fds=[6 7 7 7 7 7 7 7 7 7 7 7 7 7 7 7 7 7 7 7 ]
20:35:51 min=2 pss_kB=2804208 fds=[6 7 7 7 7 7 7 7 7 7 7 7 7 7 7 7 7 7 7 7 ]
20:36:51 min=3 pss_kB=2808552 fds=[6 7 7 7 7 7 7 7 7 7 7 7 7 7 7 7 7 7 7 7 ]
20:37:52 min=4 pss_kB=2801626 fds=[6 7 7 7 7 7 7 7 7 7 7 7 7 7 7 7 7 7 7 7 ]
20:38:52 min=5 pss_kB=2803742 fds=[6 7 7 7 7 7 7 7 7 7 7 7 7 7 7 7 7 7 7 7 ]
20:39:52 min=6 pss_kB=2802614 fds=[6 7 7 7 7 7 7 7 7 7 7 7 7 7 7 7 7 7 7 7 ]
20:40:52 min=7 pss_kB=2806654 fds=[6 7 7 7 7 7 7 7 7 7 7 7 7 7 7 7 7 7 7 7 ]
20:41:53 min=8 pss_kB=2804366 fds=[6 7 7 7 7 7 7 7 7 7 7 7 7 7 7 7 7 7 7 7 ]
20:42:53 min=9 pss_kB=2807962 fds=[6 7 7 7 7 7 7 7 7 7 7 7 7 7 7 7 7 7 7 7 ]
20:43:53 min=10 pss_kB=2805482 fds=[6 7 7 7 7 7 7 7 7 7 7 7 7 7 7 7 7 7 7 7 ]
20:44:53 min=11 pss_kB=2806226 fds=[6 7 7 7 7 7 7 7 7 7 7 7 7 7 7 7 7 7 7 7 ]
20:45:53 min=12 pss_kB=2806830 fds=[6 7 7 7 7 7 7 7 7 7 7 7 7 7 7 7 7 7 7 7 ]
20:46:54 min=13 pss_kB=2807430 fds=[6 7 7 7 7 7 7 7 7 7 7 7 7 7 7 7 7 7 7 7 ]
20:47:54 min=14 pss_kB=2808550 fds=[6 7 7 7 7 7 7 7 7 7 7 7 7 7 7 7 7 7 7 7 ]
20:48:54 min=15 pss_kB=2809970 fds=[6 7 7 7 7 7 7 7 7 7 7 7 7 7 7 7 7 7 7 7 ]
20:49:54 min=16 pss_kB=2809886 fds=[6 7 7 7 7 7 7 7 7 7 7 7 7 7 7 7 7 7 7 7 ]
20:50:55 min=17 pss_kB=2807307 fds=[6 7 7 7 7 7 7 7 7 7 7 7 7 7 7 7 7 7 7 7 ]
20:51:55 min=18 pss_kB=2808271 fds=[6 7 7 7 7 7 7 7 7 7 7 7 7 7 7 7 7 7 7 7 ]
20:52:55 min=19 pss_kB=2811131 fds=[6 7 7 7 7 7 7 7 7 7 7 7 7 7 7 7 7 7 7 7 ]
20:53:55 min=20 pss_kB=2809087 fds=[6 7 7 7 7 7 7 7 7 7 7 7 7 7 7 7 7 7 7 7 ]
20:54:56 min=21 pss_kB=2811067 fds=[6 7 7 7 7 7 7 7 7 7 7 7 7 7 7 7 7 7 7 7 ]
20:55:56 min=22 pss_kB=2810483 fds=[6 7 7 7 7 7 7 7 7 7 7 7 7 7 7 7 7 7 7 7 ]
20:56:56 min=23 pss_kB=2809511 fds=[6 7 7 7 7 7 7 7 7 7 7 7 7 7 7 7 7 7 7 7 ]
20:57:56 min=24 pss_kB=2811543 fds=[6 7 7 7 7 7 7 7 7 7 7 7 7 7 7 7 7 7 7 7 ]
20:58:57 min=25 pss_kB=2809891 fds=[6 7 7 7 7 7 7 7 7 7 7 7 7 7 7 7 7 7 7 7 ]
20:59:57 min=26 pss_kB=2812431 fds=[6 7 7 7 7 7 7 7 7 7 7 7 7 7 7 7 7 7 7 7 ]
21:00:57 min=27 pss_kB=2809583 fds=[6 7 7 7 7 7 7 7 7 7 7 7 7 7 7 7 7 7 7 7 ]
21:01:57 min=28 pss_kB=2810983 fds=[6 7 7 7 7 7 7 7 7 7 7 7 7 7 7 7 7 7 7 7 ]
21:02:58 min=29 pss_kB=2812483 fds=[6 7 7 7 7 7 7 7 7 7 7 7 7 7 7 7 7 7 7 7 ]
21:03:58 min=30 pss_kB=2811259 fds=[6 7 7 7 7 7 7 7 7 7 7 7 7 7 7 7 7 7 7 7 ]
