21:34:57 restart=1 fds=[6 7 7 7 7 7 7 7 7 6 6 6 6 6 6 6 6 7 7 7 9 ]
21:35:04 restart=2 fds=[6 7 7 7 7 7 7 7 7 7 7 7 7 7 7 7 7 7 7 7 9 ]
21:35:10 restart=3 fds=[6 7 7 7 7 7 7 7 7 6 6 6 6 6 6 6 6 7 7 7 9 ]
21:35:16 restart=4 fds=[6 7 7 7 7 7 7 7 7 7 7 7 7 7 7 7 7 7 7 7 9 ]
21:35:23 restart=5 fds=[6 7 7 7 7 7 7 7 7 6 6 6 6 6 6 6 6 7 7 7 9 ]
21:35:29 restart=6 fds=[6 7 7 7 7 7 7 7 7 7 7 7 7 7 7 7 7 7 7 7 9 ]
21:35:35 restart=7 fds=[6 7 7 7 7 7 7 7 7 6 6 6 6 6 6 6 6 7 7 7 9 ]
21:35:41 restart=8 fds=[6 7 7 7 7 7 7 7 7 7 7 7 7 7 7 7 7 7 7 7 9 ]
21:35:48 restart=9 fds=[6 7 7 7 7 7 7 7 7 6 6 6 6 6 6 6 6 7 7 7 9 ]
21:35:54 restart=10 fds=[6 7 7 7 7 7 7 7 7 7 7 7 7 7 7 7 7 7 7 7 9 ]
21:36:00 restart=11 fds=[6 7 7 7 7 7 7 7 7 6 6 6 6 6 6 6 6 7 7 7 9 ]
21:36:07 restart=12 fds=[6 7 7 7 7 7 7 7 7 7 7 7 7 7 7 7 7 7 7 7 9 ]
21:36:13 restart=13 fds=[6 7 7 7 7 7 7 7 7 6 6 6 6 6 6 6 6 7 7 7 9 ]
21:36:19 restart=14 fds=[6 7 7 7 7 7 7 7 7 7 7 7 7 7 7 7 7 7 7 7 9 ]
21:36:25 restart=15 fds=[6 7 7 7 7 7 7 7 7 6 6 6 6 6 6 6 6 7 7 7 9 ]
21:36:32 restart=16 fds=[6 7 7 7 7 7 7 7 7 7 7 7 7 7 7 7 7 7 7 7 9 ]
21:36:38 restart=17 fds=[6 7 7 7 7 7 7 7 7 6 6 6 6 6 6 6 6 7 7 7 9 ]
21:36:44 restart=18 fds=[6 7 7 7 7 7 7 7 7 7 7 7 7 7 7 7 7 7 7 7 9 ]
21:36:50 restart=19 fds=[6 7 7 7 7 7 7 7 7 6 6 6 6 6 6 6 6 7 7 7 9 ]
21:36:57 restart=20 fds=[6 7 7 7 7 7 7 7 7 7 7 7 7 7 7 7 7 7 7 7 9 ]
21:37:03 restart=21 fds=[6 7 7 7 7 7 7 7 7 6 6 6 6 6 6 6 6 7 7 7 9 ]
21:37:09 restart=22 fds=[6 7 7 7 7 7 7 7 7 7 7 7 7 7 7 7 7 7 7 7 9 ]
21:37:16 restart=23 fds=[6 7 7 7 7 7 7 7 7 6 6 6 6 6 6 6 6 7 7 7 9 ]
21:37:22 restart=24 fds=[6 7 7 7 7 7 7 7 7 7 7 7 7 7 7 7 7 7 7 7 9 ]
21:37:28 restart=25 fds=[6 7 7 7 7 7 7 7 7 6 6 6 6 6 6 6 6 7 7 7 9 ]
21:37:34 restart=26 fds=[6 7 7 7 7 7 7 7 7 7 7 7 7 7 7 7 7 7 7 7 9 ]
21:37:41 restart=27 fds=[6 7 7 7 7 7 7 7 7 6 6 6 6 6 6 6 6 7 7 7 9 ]
21:37:47 restart=28 fds=[6 7 7 7 7 7 7 7 7 7 7 7 7 7 7 7 7 7 7 7 9 ]
21:37:53 restart=29 fds=[6 7 7 7 7 7 7 7 7 6 6 6 6 6 6 6 6 7 7 7 9 ]
21:38:00 restart=30 fds=[6 7 7 7 7 7 7 7 7 7 7 7 7 7 7 7 7 7 7 7 9 ]
21:38:06 restart=31 fds=[6 7 7 7 7 7 7 7 7 6 6 6 6 6 6 6 6 7 7 7 9 ]
21:38:12 restart=32 fds=[6 7 7 7 7 7 7 7 7 7 7 7 7 7 7 7 7 7 7 7 9 ]
21:38:18 restart=33 fds=[6 7 7 7 7 7 7 7 7 6 6 6 6 6 6 6 6 7 7 7 9 ]
21:38:25 restart=34 fds=[6 7 7 7 7 7 7 7 7 7 7 7 7 7 7 7 7 7 7 7 9 ]
21:38:31 restart=35 fds=[6 7 7 7 7 7 7 7 7 6 6 6 6 6 6 6 6 7 7 7 9 ]
21:38:37 restart=36 fds=[6 7 7 7 7 7 7 7 7 7 7 7 7 7 7 7 7 7 7 7 9 ]
21:38:44 restart=37 fds=[6 7 7 7 7 7 7 7 7 6 6 6 6 6 6 6 6 7 7 7 9 ]
21:38:50 restart=38 fds=[6 7 7 7 7 7 7 7 7 7 7 7 7 7 7 7 7 7 7 7 9 ]
21:38:56 restart=39 fds=[6 7 7 7 7 7 7 7 7 6 6 6 6 6 6 6 6 7 7 7 9 ]
21:39:03 restart=40 fds=[6 7 7 7 7 7 7 7 7 7 7 7 7 7 7 7 7 7 7 7 9 ]
21:39:09 restart=41 fds=[6 7 7 7 7 7 7 7 7 6 6 6 6 6 6 6 6 7 7 7 9 ]
21:39:15 restart=42 fds=[6 7 7 7 7 7 7 7 7 7 7 7 7 7 7 7 7 7 7 7 9 ]
21:39:22 restart=43 fds=[6 7 7 7 7 7 7 7 7 6 6 6 6 6 6 6 6 7 7 7 9 ]
21:39:28 restart=44 fds=[6 7 7 7 7 7 7 7 7 7 7 7 7 7 7 7 7 7 7 7 9 ]
21:39:34 restart=45 fds=[6 7 7 7 7 7 7 7 7 6 6 6 6 6 6 6 6 7 7 7 9 ]
21:39:41 restart=46 fds=[6 7 7 7 7 7 7 7 7 7 7 7 7 7 7 7 7 7 7 7 9 ]
21:39:47 restart=47 fds=[6 7 7 7 7 7 7 7 7 6 6 6 6 6 6 6 6 7 7 7 9 ]
21:39:54 restart=48 fds=[6 7 7 7 7 7 7 7 7 7 7 7 7 7 7 7 7 7 7 7 9 ]
21:40:00 restart=49 fds=[6 7 7 7 7 7 7 7 7 6 6 6 6 6 6 6 6 7 7 7 9 ]
21:40:06 restart=50 fds=[6 7 7 7 7 7 7 7 7 7 7 7 7 7 7 7 7 7 7 7 9 ]
21:40:12 restart=51 fds=[6 7 7 7 7 7 7 7 7 6 6 6 6 6 6 6 6 7 7 7 9 ]
21:40:19 restart=52 fds=[6 7 7 7 7 7 7 7 7 7 7 7 7 7 7 7 7 7 7 7 9 ]
21:40:25 restart=53 fds=[6 7 7 7 7 7 7 7 7 6 6 6 6 6 6 6 6 7 7 7 9 ]
21:40:31 restart=54 fds=[6 7 7 7 7 7 7 7 7 7 7 7 7 7 7 7 7 7 7 7 9 ]
21:40:37 restart=55 fds=[6 7 7 7 7 7 7 7 7 6 6 6 6 6 6 6 6 7 7 7 9 ]
21:40:44 restart=56 fds=[6 7 7 7 7 7 7 7 7 7 7 7 7 7 7 7 7 7 7 7 9 ]
21:40:50 restart=57 fds=[6 7 7 7 7 7 7 7 7 6 6 6 6 6 6 6 6 7 7 7 9 ]
21:40:56 restart=58 fds=[6 7 7 7 7 7 7 7 7 7 7 7 7 7 7 7 7 7 7 7 9 ]
21:41:02 restart=59 fds=[6 7 7 7 7 7 7 7 7 6 6 6 6 6 6 6 6 7 7 7 9 ]
21:41:09 restart=60 fds=[6 7 7 7 7 7 7 7 7 7 7 7 7 7 7 7 7 7 7 7 9 ]
21:41:15 restart=61 fds=[6 7 7 7 7 7 7 7 7 6 6 6 6 6 6 6 6 7 7 7 9 ]
21:41:21 restart=62 fds=[6 7 7 7 7 7 7 7 7 7 7 7 7 7 7 7 7 7 7 7 9 ]
21:41:28 restart=63 fds=[6 7 7 7 7 7 7 7 7 6 6 6 6 6 6 6 6 7 7 7 9 ]
21:41:34 restart=64 fds=[6 7 7 7 7 7 7 7 7 7 7 7 7 7 7 7 7 7 7 7 9 ]
21:41:40 restart=65 fds=[6 7 7 7 7 7 7 7 7 6 6 6 6 6 6 6 6 7 7 7 9 ]
21:41:46 restart=66 fds=[6 7 7 7 7 7 7 7 7 7 7 7 7 7 7 7 7 7 7 7 9 ]
21:41:53 restart=67 fds=[6 7 7 7 7 7 7 7 7 6 6 6 6 6 6 6 6 7 7 7 9 ]
21:41:59 restart=68 fds=[6 7 7 7 7 7 7 7 7 7 7 7 7 7 7 7 7 7 7 7 9 ]
21:42:06 restart=69 fds=[6 7 7 7 7 7 7 7 7 6 6 6 6 6 6 6 6 7 7 7 9 ]
21:42:12 restart=70 fds=[6 7 7 7 7 7 7 7 7 7 7 7 7 7 7 7 7 7 7 7 9 ]
21:42:18 restart=71 fds=[6 7 7 7 7 7 7 7 7 6 6 6 6 6 6 6 6 7 7 7 9 ]
21:42:24 restart=72 fds=[6 7 7 7 7 7 7 7 7 7 7 7 7 7 7 7 7 7 7 7 9 ]
21:42:31 restart=73 fds=[6 7 7 7 7 7 7 7 7 6 6 6 6 6 6 6 6 7 7 7 9 ]
21:42:37 restart=74 fds=[6 7 7 7 7 7 7 7 7 7 7 7 7 7 7 7 7 7 7 7 9 ]
21:42:43 restart=75 fds=[6 7 7 7 7 7 7 7 7 6 6 6 6 6 6 6 6 7 7 7 9 ]
21:42:49 restart=76 fds=[6 7 7 7 7 7 7 7 7 7 7 7 7 7 7 7 7 7 7 7 9 ]
21:42:56 restart=77 fds=[6 7 7 7 7 7 7 7 7 6 6 6 6 6 6 6 6 7 7 7 9 ]
21:43:02 restart=78 fds=[6 7 7 7 7 7 7 7 7 7 7 7 7 7 7 7 7 7 7 7 9 ]
21:43:08 restart=79 fds=[6 7 7 7 7 7 7 7 7 6 6 6 6 6 6 6 6 7 7 7 9 ]
21:43:15 restart=80 fds=[6 7 7 7 7 7 7 7 7 7 7 7 7 7 7 7 7 7 7 7 9 ]
21:43:21 restart=81 fds=[6 7 7 7 7 7 7 7 7 6 6 6 6 6 6 6 6 7 7 7 9 ]
21:43:28 restart=82 fds=[6 7 7 7 7 7 7 7 7 7 7 7 7 7 7 7 7 7 7 7 9 ]
21:43:34 restart=83 fds=[6 7 7 7 7 7 7 7 7 6 6 6 6 6 6 6 6 7 7 7 9 ]
21:43:40 restart=84 fds=[6 7 7 7 7 7 7 7 7 7 7 7 7 7 7 7 7 7 7 7 9 ]
21:43:47 restart=85 fds=[6 7 7 7 7 7 7 7 7 6 6 6 6 6 6 6 6 7 7 7 9 ]
21:43:53 restart=86 fds=[6 7 7 7 7 7 7 7 7 7 7 7 7 7 7 7 7 7 7 7 9 ]
21:43:59 restart=87 fds=[6 7 7 7 7 7 7 7 7 6 6 6 6 6 6 6 6 7 7 7 9 ]
21:44:06 restart=88 fds=[6 7 7 7 7 7 7 7 7 7 7 7 7 7 7 7 7 7 7 7 9 ]
21:44:12 restart=89 fds=[6 7 7 7 7 7 7 7 7 6 6 6 6 6 6 6 6 7 7 7 9 ]
21:44:19 restart=90 fds=[6 7 7 7 7 7 7 7 7 7 7 7 7 7 7 7 7 7 7 7 9 ]
21:44:25 restart=91 fds=[6 7 7 7 7 7 7 7 7 6 6 6 6 6 6 6 6 7 7 7 9 ]
21:44:31 restart=92 fds=[6 7 7 7 7 7 7 7 7 7 7 7 7 7 7 7 7 7 7 7 9 ]
21:44:37 restart=93 fds=[6 7 7 7 7 7 7 7 7 6 6 6 6 6 6 6 6 7 7 7 9 ]
21:44:44 restart=94 fds=[6 7 7 7 7 7 7 7 7 7 7 7 7 7 7 7 7 7 7 7 9 ]
21:44:50 restart=95 fds=[6 7 7 7 7 7 7 7 7 6 6 6 6 6 6 6 6 7 7 7 9 ]
21:44:56 restart=96 fds=[6 7 7 7 7 7 7 7 7 7 7 7 7 7 7 7 7 7 7 7 9 ]
21:45:02 restart=97 fds=[6 7 7 7 7 7 7 7 7 6 6 6 6 6 6 6 6 7 7 7 9 ]
21:45:09 restart=98 fds=[6 7 7 7 7 7 7 7 7 7 7 7 7 7 7 7 7 7 7 7 9 ]
21:45:15 restart=99 fds=[6 7 7 7 7 7 7 7 7 6 6 6 6 6 6 6 6 7 7 7 9 ]
21:45:21 restart=100 fds=[6 7 7 7 7 7 7 7 7 7 7 7 7 7 7 7 7 7 7 7 9 ]
