21:05:19 min=1 pss_kB=19666 fds=[6 7 7 7 7 7 7 7 7 7 7 7 7 7 7 7 7 7 7 7 9 ]
21:06:19 min=2 pss_kB=19666 fds=[6 7 7 7 7 7 7 7 7 7 7 7 7 7 7 7 7 7 7 7 9 ]
21:07:19 min=3 pss_kB=19666 fds=[6 7 7 7 7 7 7 7 7 7 7 7 7 7 7 7 7 7 7 7 9 ]
21:08:19 min=4 pss_kB=19666 fds=[6 7 7 7 7 7 7 7 7 7 7 7 7 7 7 7 7 7 7 7 9 ]
21:09:19 min=5 pss_kB=19666 fds=[6 7 7 7 7 7 7 7 7 7 7 7 7 7 7 7 7 7 7 7 9 ]
21:10:19 min=6 pss_kB=19666 fds=[6 7 7 7 7 7 7 7 7 7 7 7 7 7 7 7 7 7 7 7 9 ]
21:11:19 min=7 pss_kB=19666 fds=[6 7 7 7 7 7 7 7 7 7 7 7 7 7 7 7 7 7 7 7 9 ]
21:12:19 min=8 pss_kB=19665 fds=[6 7 7 7 7 7 7 7 7 7 7 7 7 7 7 7 7 7 7 7 9 ]
21:13:20 min=9 pss_kB=19665 fds=[6 7 7 7 7 7 7 7 7 7 7 7 7 7 7 7 7 7 7 7 9 ]
21:14:20 min=10 pss_kB=19665 fds=[6 7 7 7 7 7 7 7 7 7 7 7 7 7 7 7 7 7 7 7 9 ]
21:15:20 min=11 pss_kB=19665 fds=[6 7 7 7 7 7 7 7 7 7 7 7 7 7 7 7 7 7 7 7 9 ]
21:16:20 min=12 pss_kB=19666 fds=[6 7 7 7 7 7 7 7 7 7 7 7 7 7 7 7 7 7 7 7 9 ]
21:17:20 min=13 pss_kB=19666 fds=[6 7 7 7 7 7 7 7 7 7 7 7 7 7 7 7 7 7 7 7 9 ]
21:18:20 min=14 pss_kB=19666 fds=[6 7 7 7 7 7 7 7 7 7 7 7 7 7 7 7 7 7 7 7 9 ]
21:19:20 min=15 pss_kB=19666 fds=[6 7 7 7 7 7 7 7 7 7 7 7 7 7 7 7 7 7 7 7 9 ]
21:20:20 min=16 pss_kB=19666 fds=[6 7 7 7 7 7 7 7 7 7 7 7 7 7 7 7 7 7 7 7 9 ]
21:21:21 min=17 pss_kB=19666 fds=[6 7 7 7 7 7 7 7 7 7 7 7 7 7 7 7 7 7 7 7 9 ]
21:22:21 min=18 pss_kB=19666 fds=[6 7 7 7 7 7 7 7 7 7 7 7 7 7 7 7 7 7 7 7 9 ]
21:23:21 min=19 pss_kB=19666 fds=[6 7 7 7 7 7 7 7 7 7 7 7 7 7 7 7 7 7 7 7 9 ]
21:24:21 min=20 pss_kB=19666 fds=[6 7 7 7 7 7 7 7 7 7 7 7 7 7 7 7 7 7 7 7 9 ]
21:25:21 min=21 pss_kB=19666 fds=[6 7 7 7 7 7 7 7 7 7 7 7 7 7 7 7 7 7 7 7 9 ]
21:26:21 min=22 pss_kB=19666 fds=[6 7 7 7 7 7 7 7 7 7 7 7 7 7 7 7 7 7 7 7 9 ]
21:27:21 min=23 pss_kB=19666 fds=[6 7 7 7 7 7 7 7 7 7 7 7 7 7 7 7 7 7 7 7 9 ]
21:28:22 min=24 pss_kB=19666 fds=[6 7 7 7 7 7 7 7 7 7 7 7 7 7 7 7 7 7 7 7 9 ]
21:29:22 min=25 pss_kB=19666 fds=[6 7 7 7 7 7 7 7 7 7 7 7 7 7 7 7 7 7 7 7 9 ]
21:30:22 min=26 pss_kB=19666 fds=[6 7 7 7 7 7 7 7 7 7 7 7 7 7 7 7 7 7 7 7 9 ]
21:31:22 min=27 pss_kB=19666 fds=[6 7 7 7 7 7 7 7 7 7 7 7 7 7 7 7 7 7 7 7 9 ]
21:32:22 min=28 pss_kB=19666 fds=[6 7 7 7 7 7 7 7 7 7 7 7 7 7 7 7 7 7 7 7 9 ]
21:33:22 min=29 pss_kB=19666 fds=[6 7 7 7 7 7 7 7 7 7 7 7 7 7 7 7 7 7 7 7 9 ]
21:34:22 min=30 pss_kB=19666 fds=[6 7 7 7 7 7 7 7 7 7 7 7 7 7 7 7 7 7 7 7 9 ]
